1750
1560
1820 
3090 
1910 
2410 
3140 
2850
2090
1850
1630 
2420 
1710 
1600 
1800 
2120 
2100 
2460 
3200 
2960 
2190 
1870 
1770 
2270 
1670 
1640 
1770 
2190 
2020 
2610 
3190 
2860 
2140 
1870 
1760 
2360 
1810 
1640 
1860 
1990 
2110 
2500 
3030 
2900 
2160 
1940 
1750 
2330 
1850 
1590 
1880 
2210 
2110 
2480 
2880 
2670 
2100 
1920 
1670 
2520 
1834 
1792 
1860 
2138 
2115 
2485 
2581 
2639 
2038 
1936 
1784 
2391 
1798 
1850 
1981 
2085 
2120 
2491 
2834 
2725 
1932 
2058 
1856 
2553 
1854 
1823 
2005 
2418 
2219 
2722
2912 
2771 
2153 
2136 
1910 
2537 
2008 
1835 
2120 
2304 
2264 
2175 
2928 
2738 
2178 
2137 
2009 
2546 
2084 
2034 
2152 
2522 
2318 
2684 
2971 
2759 
2267 
2152 
1978 
2723 
2081 
2112 
2279 
2661 
2281 
2929 
3089 
2803 
2296 
2210 
2135 
2862 
2223 
2248 
2421 
2710 
2505 
3020 
3327 
3044 
2607 
2525 
2160 
2876
2481
2428 
2596 
2923 
2795 
3287 
3598 
3118 
2875 
2754 
2588 
3266 
2667 
2668 
2804 
2806 
2976 
3430 
3705 
3053 
2764 
2802 
2707 
3307 
2706 
2586 
2796 
2978 
3053 
3463 
3649 
3095 
2839 
2966 
2863 
3375
2820 
2857 
3306 
3333 
3141 
3512 
3744 
3179 
2984 
3950 
2896 
3611 
3313 
2644 
2872 
3267 
3391 
3682 
3937 
3284 
2849 
3085 
3043 
3541 
2848 
2913 
3248 
3250 
3375 
3640 
3771 
3259 
3206 
3269 
3181 
4008
